3
74510167450110470246
64052530126867853318
15043832672755314613
14744021445324705380
67375645340504318152
46448477348040053440
24360570281566036821
47423220715011656208
54132065653135125378
01643041172834036454
64405318362674324340
30385482578101064222
81005147141477873117
71512627224024154483
71532684435224361724
33628283546500730074
36611550533076322866
83847172183641103320
02411685627648771018
31741363106467458004
24735432780345840052
20667151671108435104
88060254380723837107
37333033412728015243
65171468840642344326
47648545338313184833
74613147554077515726
58432762053260622255
66643437376177520073
36138210280420440623
34821124482076468103
62633340866560051567
31355444733511111023
51085323205671371261
88628726414533652765
05577005162045678711
30033222836702188552
11052846334324631364
56560327834636547308
47338124836865458508
14633576832234575456
11041106335110688654
10435118275858750760
00213157370121087388
81466320748668867225
22614030165751300855
14885855376020275003
71534526865031628723
34765624056218175264
33764365884738438716
47762343175268324522
52625057617282657017
88082851247725422001
11488877703352242353
54115631872458263602
55003447383336854505
34071423361516325636
72436505411676516857
37720164135287667604
08628185362672168004
58832620864515662835
01200481776245637620
33584471486414066256
04134441353112476387
20732474316560563865
64133853667731820188
88851127883001186728
24704054350445373206
80041340801212774544
18007211867304814337
73036885600427706845
68754425031243162407
67123153785350863488
02664312207204518637
24674847026850704178
45442457450476770782
05480714852768543315
50562020278420384758
28654328014124551010
58358186362466286528
23383057601407554523
08171484275163254368
26260012874307241174
24443756426260468405
40110700562362218278
05862777801343406615
86574043634341655876
20751006511355272054
46036130180812111348
00223016707683135623
78531788408247257836
85541705248804648708
06124688884504274502
85411018863657875684
77148006113056657001
22345633462738247420
43222250373417128140
25487525045281535102
06116227240234328306
06434723526642551060